# Result of 'intser'
# Date/time = Tue Apr 23 15:43:49 CEST 2024
# Data set list (full path) = C:\Users\Bruker\AppData\Local\Temp\topspin-dataset-list-5940593709117529472.txt
# Region to calibrate = 0
# Value of region to calibrate = 1.0
# Global scaling = yes

# --- Integral info --- 
# A 1.0 #regions in PPM
# # low field   high field  bias        slope
#   8.1836689640786  8.128402428843064  -0.0  -0.0  # for region 1
#   8.015566586070513  7.976803252328922  -0.0  -0.0  # for region 2
#   7.952240347779795  7.910790446353143  -0.0  -0.0  # for region 3
#   0.13617261910248943  -0.030407478052012202  -0.0  -0.0  # for region 4

# Spectrum#; Integral 0; Integral 1; Integral 2; Integral 3;
0;1.0;-2.370383459975261;-2.9997854239769772;-151.36330560674526;
1;0.475358468179638;-2.856152020801252;-2.9221877918865022;-154.58719990912076;
2;-0.15756822255320224;-3.692348471461389;-4.003183929518087;-152.03137227677783;
3;0.16459874283694748;-3.420221896852044;-3.581665109938657;-153.66755547421303;
4;-0.7621077676520335;-4.807436952515588;-5.548304849418121;-150.0642528967763;
5;-1.6577259990407192;-5.138559311337188;-5.680549945724889;-154.85092961906446;
6;-3.080062100825487;-6.514206194936007;-7.446614747683841;-153.51866180294348;
7;-3.688372503975968;-7.1308061747406155;-8.21036970186555;-153.16919319415345;
8;-4.861197712872038;-7.964008027667686;-9.55169388836998;-153.94942316916166;
9;-4.240243102011966;-7.539949006639235;-9.223603993638452;-154.8814625249287;
10;-5.049974124656048;-8.027812839219449;-10.097026228763285;-154.886438795345;
11;-5.470552596369879;-8.65263612955343;-11.116767222881379;-151.26943806326207;
12;-5.817698735263677;-9.155715926589757;-12.207725367934769;-152.247573397622;
13;-7.011400928987959;-9.849175144523263;-13.090670991846112;-155.51300709363088;
14;-8.14706661954409;-10.714740110569764;-14.314672582233106;-157.28080428142277;
15;-8.569513164870118;-11.078610557140333;-15.18790548557292;-156.80125842526445;
16;-8.990725898063767;-11.724036301214248;-16.110686517052486;-156.20793047736856;
17;-9.118423876000303;-12.147230707091108;-17.08462499684447;-153.92501199101306;
18;-9.78008482063969;-12.58990419811678;-17.944838184434403;-154.7279333804559;
19;-10.638221669653902;-13.471884229924521;-19.08613018453538;-156.26008507308208;
20;-10.117836947466742;-13.473446217150936;-19.93291028197814;-151.19271451291243;
21;-10.533590614192311;-13.735352030898948;-20.710293969151543;-151.37395551965264;
22;-11.48075757958246;-14.343334258955394;-21.77198457577058;-153.9969959356777;
23;-13.145103880039382;-15.3839648600207;-23.248987074950143;-156.32953197182744;
24;-12.577667053744984;-15.367972635246007;-23.85469732158635;-154.34188271527026;
25;-12.832804256178528;-16.043356978769598;-24.824934364981196;-151.8164270567743;
26;-13.062488955645875;-16.49602087698483;-25.429959861661576;-149.92033865145282;
27;-13.916577259990408;-17.316651099386565;-27.008535707974655;-150.8578970287532;
28;-13.905734859768259;-17.62914005503244;-27.943872592330802;-149.06574861787797;
29;-14.68130411733522;-18.413876126524123;-29.370676924242044;-150.08879345164468;
30;-14.643737535657488;-18.84649294423548;-30.219385050362256;-147.45935993234545;
31;-14.819860273142655;-18.966835382323985;-30.65778279857623;-148.57994534622475;
32;-15.885586802312373;-19.697299497639666;-32.49600509933608;-150.7495045818292;
33;-15.924412440360488;-20.190404665135183;-33.53054237245349;-150.02069711963244;
34;-17.205204099664254;-21.41704427839346;-35.049204175396966;-148.66914270567744;
35;-16.41528664832252;-21.242994723954258;-35.59029232827607;-144.860705450231;
36;-16.891478176356248;-22.030892636255775;-37.16017153459723;-145.87745184661603;
37;-18.05978466664984;-22.861630020447834;-38.60026064675738;-148.167492363618;
38;-17.44104839320425;-23.00480587180976;-39.44109572615051;-143.11759081614622;
39;-18.728513997929973;-23.9815874839068;-41.22561722161917;-146.68377805265948;
40;-19.714736955040014;-24.640881781233436;-42.18400209527176;-145.18668429555956;
41;-18.669663368086237;-24.957233105293717;-43.088806073763664;-140.55458119809154;
42;-20.465718324792366;-26.412658092040495;-45.07479552167218;-144.89892838209678;
43;-21.469962512306566;-27.053584050690432;-46.22163494307425;-146.84264319794008;
44;-21.257974023679097;-26.932645217479113;-46.91404021407114;-148.69902872794285;
45;-22.18450382450206;-28.555764521747914;-49.34871759270947;-141.792303031833;
46;-22.65036730366294;-28.948429177290286;-50.47131307903971;-142.3551517178704;
47;-23.678972180849723;-29.68301756998965;-51.85458056698559;-142.26672746320654;
48;-24.22988665337137;-30.66810138085982;-53.45492641304622;-144.14415091005478;
49;-24.854378613081565;-31.155655971524503;-54.52557241309671;-143.0680584656552;
50;-24.065436220432687;-31.056900512458032;-55.31893885845556;-141.29034344785805;
51;-25.479205058945297;-31.83684964531846;-56.38526493827784;-140.3518289450433;
52;-26.72092179335067;-33.412850579355265;-59.27041312195492;-143.5918038270265;
53;-26.64893469315629;-33.087004266276224;-58.50212998258148;-143.14682048822357;
54;-27.77553770226946;-34.28561330876228;-61.0655182642062;-144.84330585918764;
55;-27.513139625880395;-34.64158861989751;-61.36451733016939;-138.29872769040466;
56;-28.666226996188122;-35.49916062908641;-63.59081930174438;-142.5607155479262;
57;-28.95236412288895;-36.05510186050034;-64.49236046247445;-140.67511612349483;
58;-28.426633933304725;-35.476882589049055;-65.13541640370586;-145.71677542725874;
59;-30.22516282533512;-37.18857130235024;-67.46581299068488;-138.0594754247343;
60;-30.882497538686795;-37.98995279327494;-69.2031687829753;-143.05548367960014;
61;-31.297752631711813;-38.001508343220664;-69.72994029737713;-142.59437873930275;
62;-32.017197637139326;-39.07699492590817;-71.33651515916493;-144.53679663241866;
63;-31.160872062201804;-38.26540845177089;-71.65586108095827;-145.14840456415823;
64;-31.65573485976826;-39.11547976674324;-74.40886830081034;-141.32955406053568;
65;-32.95688599702118;-39.89143715446949;-74.42429568575973;-144.16183134324592;
66;-34.40942051851665;-41.056048519425445;-76.35575757958246;-142.37904538913995;
67;-35.07940575063742;-41.82236260823467;-78.18277143866914;-144.59465958145054;
68;-35.02763297402368;-42.317436826294404;-79.44745727412719;-140.58109395905385;
69;-34.78404816600611;-42.16971070103249;-78.72546891172091;-138.96270163835106;
70;-35.50200060586172;-42.77865221013304;-80.96934718400526;-139.70292896271428;
71;-35.723679726352465;-43.20360109055108;-82.15532779643047;-145.14146555423724;
72;-37.2551466690228;-44.73054300355944;-85.04479905586551;-140.62469391361424;
73;-36.23870635902355;-43.45999419382526;-84.56372907883777;-142.33294309948755;
74;-35.74175460076238;-43.575988311917804;-84.84632570115872;-139.54830484941812;
75;-37.618543786130815;-45.14775452502966;-87.08149155580239;-142.66398972559514;
76;-38.04049806881579;-45.6849014212506;-89.16759965162952;-144.6394681039053;
77;-39.55708984424305;-46.72784818115265;-90.38818695882665;-139.4926760154495;
78;-40.28997109534749;-47.48735894782016;-91.89094489182844;-141.4329134375079;
79;-39.12708264963522;-46.57843069194457;-91.85664743897206;-141.50378979123016;
80;-39.80104069371166;-47.34281990760609;-94.23420026254009;-144.3187905485573;
81;-41.02914447277409;-48.197365763764424;-96.74118029434783;-145.01287140585163;
82;-40.03858266225734;-48.27491921843839;-95.92941079948503;-141.1890824981698;
83;-41.202850074470504;-49.31583381718123;-98.56794171105446;-142.92746383762906;
84;-41.38221669653902;-49.47193787393028;-98.6984417994093;-142.90241839800066;
85;-41.985042788983414;-49.86665046828062;-101.00452502966199;-144.21509352990182;
86;-42.49644056244163;-50.225225935930126;-101.70855527225912;-144.5456573599576;
87;-43.389158861989756;-50.630190846439305;-103.12991315982127;-143.7252606467574;
88;-43.38791242773837;-51.16584202155858;-105.06100270113348;-141.23648486607934;
89;-43.63839522379017;-52.09875230353672;-105.78413020977962;-141.5791722414359;
90;-43.91352270719209;-52.200685381061774;-107.4021880443289;-138.33488059475425;
91;-44.89196097240805;-52.96171080200944;-109.42483843687678;-143.56797011082222;
92;-45.20707217327645;-53.308329967434936;-109.7508772372706;-142.42241814555828;
93;-45.50962752126827;-53.507002120516;-110.74435791280641;-141.55671118067303;
94;-45.15498384368768;-53.61011221063792;-111.742985257365;-140.28942203317095;
95;-46.17760268093808;-54.70252505490622;-114.16835382323985;-141.2461439426451;
96;-46.717198268245276;-55.09074672456012;-115.84103072223766;-141.57610506651858;
97;-48.47457274127181;-55.93752366647313;-117.56010337515463;-145.43522959634464;
98;-47.95969126296923;-56.25125905637039;-119.15678565117513;-142.3777200666448;
99;-49.2018024385934;-57.04201903415546;-121.43926236336557;-143.714522379017;
100;-47.70933468810744;-56.184163027289024;-118.88362090727792;-140.32476081084494;
101;-49.10667899426956;-57.65785222023074;-122.2905611794108;-142.29974061545454;
102;-50.59346994673466;-58.245295105142254;-125.39095751394746;-144.80821321283418;
103;-49.38654608335648;-58.113889379749075;-124.55393747002248;-140.0320033827279;
104;-49.90726529169717;-58.64026329740237;-126.56109105596649;-140.52729848787015;
105;-51.070680710877745;-59.09695680710878;-127.97768093807589;-142.25568942013987;
106;-52.56590639436549;-60.54514931966779;-132.22442443137354;-143.61897293817688;
107;-51.49495746345897;-59.61592469643804;-129.14135195516624;-141.3105893267362;
108;-52.19128505793553;-61.35883106555929;-133.5971145835963;-141.91630272890214;
109;-51.597367025976325;-60.316007371317504;-131.731054199379;-139.03836493070457;
110;-52.11557443263575;-61.11740463989095;-133.64812687754022;-138.54384293035116;
111;-52.973493550097196;-61.79916630903997;-136.58569472142983;-140.26902784439451;
112;-54.334426198470204;-63.01326900260016;-138.96772208618384;-143.33632267185016;
113;-53.139367126953275;-62.343930654078214;-138.1563880544266;-140.23782596622323;
114;-55.93303019210865;-63.7594097897155;-142.1985364653018;-145.17383182288643;
115;-54.2726062151314;-62.90178729205059;-141.2719088430566;-138.9219353495065;
116;-55.705791028197815;-64.29196854567945;-144.20190972660492;-141.572965314417;
117;-56.51853558175347;-64.83257390250675;-146.93749842223514;-142.79663241865046;
118;-56.55494092848308;-65.50505515866004;-148.47872541842327;-141.77304798929646;
119;-56.715260772978574;-65.1418820841643;-148.99141380354936;-141.7188170550072;
120;-55.934787822179594;-65.07483338802919;-148.2144908237195;-138.24435475727665;
121;-56.91323870951456;-65.89493348143287;-150.36476977254944;-140.4174355640825;
122;-57.608212581728225;-66.18364867593972;-151.87616123494814;-143.39925340166107;
123;-59.13622106379219;-66.95833438517658;-154.9438852144498;-145.02196564259208;
124;-58.647290662156365;-67.69230113851513;-156.9408054174135;-140.6361390200187;
125;-58.53622232600409;-67.44788642617323;-156.45818923080807;-141.17233925731452;
126;-58.650080150455665;-67.41186289854342;-157.59768257895138;-139.6700672758943;
127;-59.47784818115266;-68.30726339837932;-159.63694368010502;-143.4583280741171;
128;-59.86139966677606;-68.31492186908339;-162.1608026405473;-140.5131648701184;
129;-60.06475147047687;-68.948041047131;-162.08727879736452;-140.45172986140915;
130;-60.58777106000556;-68.53318039532478;-163.62417640673516;-141.54864249110142;
131;-60.71073574331659;-69.5344110519274;-165.79944084012826;-143.05193686416075;
132;-60.486525887966074;-69.70959028601722;-166.37683336278496;-140.09758791305885;
133;-61.384905207886305;-69.88253224951406;-167.41315035468156;-140.48419079595084;
134;-61.288620528614345;-70.30909360563452;-170.34230871178656;-139.9660717441244;
135;-62.066701587862575;-70.83347007295585;-171.21833110342564;-141.18484777724484;
136;-62.13004253654104;-70.92137050968117;-171.73717592709465;-140.9658319238634;
137;-62.76983250448085;-72.15633125489107;-176.14564663115644;-140.8863914623987;
138;-62.978943149976025;-71.50535177845657;-175.29019513795978;-140.4917798450004;
139;-62.33411064549517;-71.16671294776968;-175.03267235503498;-139.27077285234645;
140;-64.57950672758943;-73.10104321813546;-179.86574798677202;-142.53746244919597;
141;-63.02930224926161;-72.48410559664757;-179.39812372201047;-139.13314126675587;
142;-64.68607212278798;-72.66175876606165;-180.78437003004066;-142.0254588140257;
143;-64.38164239012445;-73.0480650291571;-183.02357180723502;-141.10571340216597;
144;-64.48652588796608;-73.13135523691717;-183.78453727311742;-140.8085855653447;
145;-64.60488665337137;-73.542429253023;-184.4032419912655;-139.12661247570242;
146;-65.33520561431854;-74.76513707621235;-187.75004417741653;-141.24908805190216;
147;-66.73868742584506;-74.87415431802691;-191.29874977911294;-143.53460353924217;
148;-66.45132279807135;-75.43781713073992;-193.5598130664176;-142.52325940978972;
149;-65.71219359806125;-74.81297806275718;-191.04864564663117;-139.7140963825007;
150;-66.69525471436145;-76.08365624921112;-196.05330320854267;-140.95051498245527;
151;-66.43330156766719;-76.07258665084694;-196.36382311362433;-141.53698911973342;
152;-67.36426488778936;-76.82252669578169;-199.32467876707142;-142.20763701310176;
153;-67.75682856637972;-77.0862879610229;-200.25378979123016;-141.84105912200542;
154;-67.1056723802792;-76.7083911847121;-200.25748176103806;-141.7207293060359;
155;-68.22852662004898;-77.0291697170121;-204.4757560649282;-142.53914750208267;
156;-66.48361964506601;-75.48285916239618;-200.7492900058062;-139.34297452856387;
157;-67.07471347789867;-76.1485528740565;-203.19469618559566;-141.13699732411078;
158;-67.24159682427486;-76.6518440915861;-206.6287361472244;-138.9710606366597;
159;-68.74263814909247;-77.67428937470022;-210.18477204453086;-141.89531530053267;
160;-67.85642655188954;-77.30485572917982;-209.50495102617828;-141.51176065937952;
161;-68.540053139121;-77.98774076691996;-211.76008507308208;-141.69900032817512;
162;-68.2319945472446;-77.43160073713176;-212.22591068588596;-140.1725254335698;
163;-69.12514515436852;-77.78752240426124;-213.64508179133114;-141.54732032413602;
164;-69.0584719662737;-78.20212745815768;-216.37817446292885;-142.51758892282837;
165;-68.57581475778154;-77.84296506197461;-216.89957842122536;-139.36586158584305;
166;-69.18855868023124;-77.96281523742206;-217.59380443288822;-141.8387145634009;
167;-67.87216317875445;-77.52597000984525;-217.4206826041956;-139.3406457476081;
168;-69.78932736727842;-79.06819099790474;-222.86556812157627;-142.56515853381467;
169;-69.33727248630501;-78.20050551586601;-222.4848282129604;-140.77146706889152;
170;-69.8923459470376;-79.2382140963825;-226.23106366596826;-141.47023704339486;
171;-70.00894908237196;-78.85204983212583;-227.03799888925354;-141.18515701916039;
172;-69.76365397722971;-78.79494736576378;-227.3258999570848;-141.05583394340243;
173;-69.4730486204024;-79.35133668240225;-230.08162093252216;-140.8097120894656;
174;-70.15244364223867;-79.64591169565547;-232.45965970767173;-141.48137606341353;
175;-70.57911544190038;-80.10965781435388;-233.3348017065105;-141.56347032539824;
176;-70.63129528185192;-79.90673516269912;-235.72036326458488;-142.09542321965012;
177;-69.00191540655845;-78.8696829323707;-233.58325549693285;-138.61065811728474;
178;-71.44002284603539;-80.57290220382198;-239.4751722919244;-142.483177870901;
179;-70.07137177189307;-79.591898492919;-236.94094426072252;-140.51058049125288;
180;-70.49573372377755;-80.3579412061697;-242.66008949082374;-139.8164586120718;
181;-70.4918366445359;-80.09267159770783;-240.13620528614345;-139.91334284199633;
182;-71.56895779163406;-81.4296411531568;-245.5715863479161;-141.4863270895918;
183;-71.76724497008559;-81.85512331810264;-249.2270656097746;-140.11916542549164;
184;-72.12458978113246;-81.06524057758817;-249.04435097064098;-142.2301012293944;
185;-72.03161209703886;-80.91289160124202;-249.60854706788177;-141.200240451367;
186;-71.97771249337339;-81.32875571150885;-252.796954282685;-140.81154860778028;
187;-73.08637000479641;-82.14900727034055;-257.375151465428;-142.15925327543988;
188;-72.84115694342766;-82.02549352485296;-257.36894138287937;-141.82855691313458;
189;-72.83940877994598;-82.6409480473582;-260.2770902229066;-141.32940890616717;
190;-70.84373816676344;-80.75569573119935;-255.68235175321234;-138.06197460429658;
191;-72.37175927094641;-82.14732537298362;-261.8834315754929;-139.2654526291874;
192;-73.0041621437407;-82.6674103198445;-264.230864867594;-141.75768055941234;
193;-73.64113422361346;-82.38521760533159;-267.7777497286245;-141.94585110948427;
194;-72.19471511877414;-81.2630828263449;-267.70319718274305;-138.33123911342236;
195;-73.36239996970691;-82.75973165375004;-271.8535834195845;-140.91597770933785;
